 0  4  3 
 0  1  2  3 
 0  1  2  7  5  8  3 
 0  1  2  7  5  8  6  9  4  3 
 0  1  2  7  9  4  3 
 0  1  2  7  9  6  8  3 
 0  1  6  8  3 
 0  1  6  8  5  7  2  3 
 0  1  6  8  5  7  9  4  3 
 0  1  6  9  4  3 
 0  1  6  9  7  2  3 
 0  1  6  9  7  5  8  3 
 0  4  9  6  1  2  3 
 0  4  9  6  1  2  7  5  8  3 
 0  4  9  6  8  3 
 0  4  9  6  8  5  7  2  3 
 0  4  9  7  2  1  6  8  3 
 0  4  9  7  2  3 
 0  4  9  7  5  8  3 
 0  4  9  7  5  8  6  1  2  3 
 0  5  7  2  1  6  8  3 
 0  5  7  2  1  6  9  4  3 
 0  5  7  2  3 
 0  5  7  9  4  3 
 0  5  7  9  6  1  2  3 
 0  5  7  9  6  8  3 
 0  5  8  3 
 0  5  8  6  1  2  3 
 0  5  8  6  1  2  7  9  4  3 
 0  5  8  6  9  4  3 
 0  5  8  6  9  7  2  3 
